# Blender v2.82 (sub 7) OBJ File: ''
# www.blender.org
mtllib l_1_0_village_boxes.mtl
v 1.384602 0.420000 -0.331551
v 1.384602 -0.000000 -0.331551
v 1.925520 -0.000000 -0.186613
v 1.925520 0.420000 -0.186613
v 1.674479 0.420000 -1.413388
v 2.215397 0.420000 -1.268450
v 2.215397 -0.000000 -1.268450
v 1.674479 -0.000000 -1.413388
v -8.029687 0.724493 3.781032
v -7.232708 0.731447 3.711916
v -8.168606 0.863942 2.193187
v -7.232050 0.133753 3.659368
v -7.371628 0.870896 2.124070
v -7.370970 0.273202 2.071522
v -8.167948 0.266248 2.140638
v -8.029029 0.126799 3.728484
v -6.243234 0.577276 3.479105
v -6.608910 0.114585 2.671517
v -7.365930 1.708647 3.339266
v -7.306447 1.669186 2.542457
v -7.731605 1.245956 2.531678
v -7.791088 1.285416 3.328487
v -6.183752 0.537815 2.682296
v -6.668393 0.154045 3.468326
vt 0.500000 0.250000
vt 0.250000 0.250000
vt 0.250000 0.125000
vt 0.500000 0.125000
vt 0.500000 0.250000
vt 0.250000 0.250000
vt 0.250000 0.125000
vt 0.500000 0.125000
vt 0.475000 0.250000
vt 0.275000 0.250000
vt 0.275000 0.125000
vt 0.475000 0.125000
vt 0.475000 0.250000
vt 0.275000 0.250000
vt 0.275000 0.125000
vt 0.475000 0.125000
vt 0.500000 0.250000
vt 0.250000 0.250000
vt 0.250000 0.125000
vt 0.500000 0.125000
vt 0.500000 0.250000
vt 0.250000 0.250000
vt 0.250000 0.125000
vt 0.500000 0.125000
vt 0.475000 0.250000
vt 0.275000 0.250000
vt 0.275000 0.125000
vt 0.475000 0.125000
vt 0.475000 0.250000
vt 0.275000 0.250000
vt 0.275000 0.125000
vt 0.475000 0.125000
vt 0.500000 0.250000
vt 0.250000 0.250000
vt 0.250000 0.125000
vt 0.500000 0.125000
vt 0.500000 0.250000
vt 0.250000 0.250000
vt 0.250000 0.125000
vt 0.500000 0.125000
vt 0.475000 0.250000
vt 0.275000 0.250000
vt 0.275000 0.125000
vt 0.475000 0.125000
vt 0.475000 0.250000
vt 0.275000 0.250000
vt 0.275000 0.125000
vt 0.475000 0.125000
vn -0.0000 1.0000 -0.0000
vn -0.9659 0.0000 -0.2588
vn -0.2588 0.0000 0.9659
vn 0.2588 -0.0000 -0.9659
vn -0.0011 0.9962 0.0876
vn 0.9962 0.0087 -0.0864
vn -0.0868 0.0872 -0.9924
vn 0.0868 -0.0872 0.9924
vn 0.7086 0.7054 0.0180
vn 0.0744 -0.0493 -0.9960
vn -0.7017 0.7071 -0.0874
vn 0.7017 -0.7071 0.0874
usemtl texobj1.png.001
s off
f 4/1/1 6/2/1 5/3/1
f 5/3/1 1/4/1 4/1/1
f 1/5/2 5/6/2 8/7/2
f 8/7/2 2/8/2 1/5/2
f 4/9/3 1/10/3 2/11/3
f 2/11/3 3/12/3 4/9/3
f 5/13/4 6/14/4 7/15/4
f 7/15/4 8/16/4 5/13/4
f 11/17/5 9/18/5 10/19/5
f 10/19/5 13/20/5 11/17/5
f 13/21/6 10/22/6 12/23/6
f 12/23/6 14/24/6 13/21/6
f 11/25/7 13/26/7 14/27/7
f 14/27/7 15/28/7 11/25/7
f 10/29/8 9/30/8 16/31/8
f 16/31/8 12/32/8 10/29/8
f 19/33/9 17/34/9 23/35/9
f 23/35/9 20/36/9 19/33/9
f 20/37/10 23/38/10 18/39/10
f 18/39/10 21/40/10 20/37/10
f 19/41/11 20/42/11 21/43/11
f 21/43/11 22/44/11 19/41/11
f 23/45/12 17/46/12 24/47/12
f 24/47/12 18/48/12 23/45/12
