<CoordinateSystem> { Z-up } 
<Material> texobj2 {
  <Scalar> baser { 0.800000011920929 }
  <Scalar> baseg { 0.800000011920929 }
  <Scalar> baseb { 0.800000011920929 }
  <Scalar> emitr { 0.0 }
  <Scalar> emitg { 0.0 }
  <Scalar> emitb { 0.0 }
  <Scalar> emita { 1.0 }
  <Scalar> shininess { 0.5 }
  <Scalar> roughness { 0.5 }
  <Scalar> metallic { 0.0 }
  <Scalar> ior { 1.4500000476837158 }
  <Scalar> local { 0 }
}

<Texture> texobj2.png {
  "./tex/texobj2.png"
  <Scalar> envtype { modulate }
  <Scalar> uv-name { UVMap }
  <Scalar> wrapu { repeat }
  <Scalar> wrapv { repeat }
}

  <Group> npc {
    <Dart> { 1 }
    <Joint> root {
      <Transform> {
        <Matrix4> {
          0.3779126703739166 0.0 0.0 0.0 
          0.0 0.0 0.3779126703739166 0.0 
          0.0 -0.3779126703739166 0.0 0.0 
          0.0 0.0 0.0 1.0 
        }
      }
      <Joint> torso {
        <Transform> {
          <Matrix4> {
            1.0 0.0 -2.384185791015625e-07 0.0 
            0.0 1.0 0.0 0.0 
            2.384185791015625e-07 0.0 1.0 0.0 
            0.02131900191307068 2.7397541999816895 -0.09275579452514648 1.0 
          }
        }
        <VertexRef> {
          0 26
          <Scalar> membership { 0.998382 }  <Ref> { "backpack" }
        }
        <VertexRef> {
          1 4 11
          <Scalar> membership { 0.968364 }  <Ref> { "backpack" }
        }
        <VertexRef> {
          2 3 6 17 22 23 27
          <Scalar> membership { 0.998963 }  <Ref> { "backpack" }
        }
        <VertexRef> {
          5 7 10
          <Scalar> membership { 0.982697 }  <Ref> { "backpack" }
        }
        <VertexRef> {
          8 9 13 18
          <Scalar> membership { 0.946493 }  <Ref> { "backpack" }
        }
        <VertexRef> {
          12 14
          <Scalar> membership { 0.984351 }  <Ref> { "backpack" }
        }
        <VertexRef> {
          15 21 24
          <Scalar> membership { 0.998417 }  <Ref> { "backpack" }
        }
        <VertexRef> {
          16 19 20
          <Scalar> membership { 0.998073 }  <Ref> { "backpack" }
        }
        <VertexRef> {
          25 28
          <Scalar> membership { 0.987184 }  <Ref> { "backpack" }
        }
        <VertexRef> {
          29
          <Scalar> membership { 0.981825 }  <Ref> { "backpack" }
        }
        <Joint> head {
          <Transform> {
            <Matrix4> {
              1.0 0.0 2.384185791015625e-07 0.0 
              0.0 1.0 0.0 0.0 
              -2.384185791015625e-07 0.0 1.0 0.0 
              6.495554316643393e-08 1.5009546279907227 -9.818299062658298e-09 1.0 
            }
          }
        }
        <Joint> l_arm_0 {
          <Transform> {
            <Matrix4> {
              -0.2445058822631836 -0.9696478247642517 -6.072273777135706e-07 0.0 
              0.9696478247642517 -0.2445058971643448 5.6083621302605025e-08 0.0 
              -2.0285203561343224e-07 -5.75083902276674e-07 1.0 0.0 
              0.5465304851531982 1.304276466369629 2.5459516450609954e-07 1.0 
            }
          }
          <Joint> l_arm_1 {
            <Transform> {
              <Matrix4> {
                0.9938560128211975 0.10246215015649796 0.041852060705423355 0.0 
                -0.10998756438493729 0.8720718026161194 0.4768578112125397 0.0 
                0.012361872009932995 -0.4785313010215759 0.8779834508895874 0.0 
                2.595329533505719e-07 0.7659146189689636 4.2194834293241e-09 1.0 
              }
            }
          }
        }
        <Joint> r_arm_0 {
          <Transform> {
            <Matrix4> {
              -0.2430979162454605 0.9698471426963806 -0.01732143759727478 0.0 
              -0.9548254013061523 -0.24240268766880035 -0.17189930379390717 0.0 
              -0.17091479897499084 -0.025249376893043518 0.9849622249603271 0.0 
              -0.5524033308029175 1.2698898315429688 -1.4861655017739395e-08 1.0 
            }
          }
          <Joint> r_arm_1 {
            <Transform> {
              <Matrix4> {
                0.9989916086196899 -0.04278194159269333 0.01361719612032175 0.0 
                0.033275142312049866 0.9091417193412781 0.4151553213596344 0.0 
                -0.030141109600663185 -0.4142835736274719 0.9096486568450928 0.0 
                1.7229467630386353e-08 0.6646227836608887 0.0 1.0 
              }
            }
          }
        }
      }
      <Joint> l_leg_0 {
        <Transform> {
          <Matrix4> {
            -0.9949860572814941 -0.10026580840349197 4.639848611986963e-06 0.0 
            0.10026580840349197 -0.9949606657028198 -2.592108216958877e-07 0.0 
            4.6424702304648235e-06 2.0730836070015357e-07 1.0 0.0 
            0.3390336036682129 2.788943290710449 -0.09275563806295395 1.0 
          }
        }
        <Joint> l_leg_1 {
          <Transform> {
            <Matrix4> {
              0.9998342990875244 -0.018201343715190887 -4.4915043417859124e-07 0.0 
              0.018201351165771484 0.9998342394828796 3.9729272316435527e-08 0.0 
              4.4835297785539296e-07 -4.7897884769554366e-08 1.0 0.0 
              -1.313148345616355e-08 1.322192907333374 -8.606207302364055e-09 1.0 
            }
          }
          <Joint> l_leg_2 {
            <Transform> {
              <Matrix4> {
                0.9990739226341248 -0.04302488639950752 -1.0253863820253173e-06 0.0 
                0.030319884419441223 0.7040361762046814 0.7095165252685547 0.0 
                -0.030526146292686462 -0.7088595628738403 0.7046887278556824 0.0 
                3.188819164279266e-08 1.1590899229049683 -1.195445520352223e-09 1.0 
              }
            }
          }
        }
      }
      <Joint> r_leg_0 {
        <Transform> {
          <Matrix4> {
            -0.9962174892425537 0.08705989271402359 4.575344064505771e-06 0.0 
            -0.08705989271402359 -0.9962030053138733 -2.595345449663e-07 0.0 
            4.535226253210567e-06 -6.568686785612954e-07 1.0 0.0 
            -0.24490022659301758 2.788943290710449 -0.09275563806295395 1.0 
          }
        }
        <Joint> r_leg_1 {
          <Transform> {
            <Matrix4> {
              0.9998741745948792 0.015861913561820984 -5.691140927410743e-07 0.0 
              -0.015861906111240387 0.9998741745948792 1.9697505138083216e-07 0.0 
              5.721666980207374e-07 -1.8792300693348807e-07 1.0 0.0 
              -7.137884949770523e-09 1.320543885231018 3.00815372611396e-10 1.0 
            }
          }
          <Joint> r_leg_2 {
            <Transform> {
              <Matrix4> {
                0.9999353289604187 0.011375896632671356 -1.1413363836254575e-06 0.0 
                -0.007939535193145275 0.6979532241821289 0.7160993814468384 0.0 
                0.008147071115672588 -0.7160530090332031 0.6979983448982239 0.0 
                -4.80696371596423e-10 1.1581162214279175 4.870528869105328e-09 1.0 
              }
            }
          }
        }
      }
    }
    <Group> backpack {
      <Transform> {
        <Matrix4> {
          2.379092216491699 0.0 0.0 0.0 
          0.0 2.379092216491699 0.0 0.0 
          0.0 0.0 2.379092216491699 0.0 
          0.0 0.0 0.0 1.0 
        }
      }
      
      <VertexPool> backpack {
      
        <Vertex> 0 {
          0.185046 0.120437 1.587977
          <UV> UVMap {
            0.894291 0.303306 
          }
          <RGBA> { 1 1 1 1 }
          <RGBA> { 1 1 1 1 }
        }
        <Vertex> 1 {
          0.254855 0.111624 1.046519
          <UV> UVMap {
            0.876294 0.209897 
          }
          <RGBA> { 1 1 1 1 }
          <RGBA> { 1 1 1 1 }
        }
        <Vertex> 2 {
          0.008936 0.290600 1.523689
          <UV> UVMap {
            0.938292 0.286206 
          }
          <Normal> { -0.005982 0.888180 0.459426 }
          <RGBA> { 1 1 1 1 }
          <RGBA> { 1 1 1 1 }
        }
        <Vertex> 3 {
          0.008936 0.290600 1.523689
          <UV> UVMap {
            0.938292 0.286206 
          }
          <Normal> { -0.005982 0.888180 0.459426 }
          <RGBA> { 1 1 1 1 }
          <RGBA> { 1 1 1 1 }
        }
        <Vertex> 4 {
          0.254855 0.111624 1.046519
          <UV> UVMap {
            0.876294 0.209897 
          }
          <Normal> { 0.832118 0.447523 -0.327494 }
          <RGBA> { 1 1 1 1 }
          <RGBA> { 1 1 1 1 }
        }
        <Vertex> 5 {
          0.199074 0.294530 1.074282
          <UV> UVMap {
            0.889109 0.212797 
          }
          <Normal> { 0.767510 0.599078 -0.227973 }
          <RGBA> { 1 1 1 1 }
          <RGBA> { 1 1 1 1 }
        }
        <Vertex> 6 {
          0.008936 0.290600 1.523689
          <UV> UVMap {
            0.938292 0.286206 
          }
          <Normal> { -0.005982 0.888180 0.459426 }
          <RGBA> { 1 1 1 1 }
          <RGBA> { 1 1 1 1 }
        }
        <Vertex> 7 {
          0.199074 0.294530 1.074282
          <UV> UVMap {
            0.889109 0.212797 
          }
          <Normal> { 0.767510 0.599078 -0.227973 }
          <RGBA> { 1 1 1 1 }
          <RGBA> { 1 1 1 1 }
        }
        <Vertex> 8 {
          0.009155 0.377872 1.016648
          <UV> UVMap {
            0.937993 0.204509 
          }
          <Normal> { 0.005432 0.863002 -0.505142 }
          <RGBA> { 1 1 1 1 }
          <RGBA> { 1 1 1 1 }
        }
        <Vertex> 9 {
          0.009155 0.377872 1.016648
          <UV> UVMap {
            0.937993 0.204509 
          }
          <Normal> { 0.005432 0.863002 -0.505142 }
          <RGBA> { 1 1 1 1 }
          <RGBA> { 1 1 1 1 }
        }
        <Vertex> 10 {
          0.199074 0.294530 1.074282
          <UV> UVMap {
            0.889109 0.212797 
          }
          <Normal> { 0.767510 0.599078 -0.227973 }
          <RGBA> { 1 1 1 1 }
          <RGBA> { 1 1 1 1 }
        }
        <Vertex> 11 {
          0.254855 0.111624 1.046519
          <UV> UVMap {
            0.876294 0.209897 
          }
          <RGBA> { 1 1 1 1 }
          <RGBA> { 1 1 1 1 }
        }
        <Vertex> 12 {
          0.010032 0.129241 0.915491
          <UV> UVMap {
            0.940593 0.189000 
          }
          <RGBA> { 1 1 1 1 }
          <RGBA> { 1 1 1 1 }
        }
        <Vertex> 13 {
          0.009155 0.377872 1.016648
          <UV> UVMap {
            0.937993 0.204509 
          }
          <Normal> { 0.005432 0.863002 -0.505142 }
          <RGBA> { 1 1 1 1 }
          <RGBA> { 1 1 1 1 }
        }
        <Vertex> 14 {
          0.010032 0.129241 0.915491
          <UV> UVMap {
            0.940593 0.189000 
          }
          <RGBA> { 1 1 1 1 }
          <RGBA> { 1 1 1 1 }
        }
        <Vertex> 15 {
          -0.211996 0.129010 1.040912
          <UV> UVMap {
            0.998906 0.211001 
          }
          <RGBA> { 1 1 1 1 }
          <RGBA> { 1 1 1 1 }
        }
        <Vertex> 16 {
          -0.188543 0.292263 1.055244
          <UV> UVMap {
            0.991198 0.210496 
          }
          <Normal> { -0.794885 0.546770 -0.263009 }
          <RGBA> { 1 1 1 1 }
          <RGBA> { 1 1 1 1 }
        }
        <Vertex> 17 {
          0.008936 0.290600 1.523689
          <UV> UVMap {
            0.938292 0.286206 
          }
          <Normal> { -0.005982 0.888180 0.459426 }
          <RGBA> { 1 1 1 1 }
          <RGBA> { 1 1 1 1 }
        }
        <Vertex> 18 {
          0.009155 0.377872 1.016648
          <UV> UVMap {
            0.937993 0.204509 
          }
          <Normal> { 0.005432 0.863002 -0.505142 }
          <RGBA> { 1 1 1 1 }
          <RGBA> { 1 1 1 1 }
        }
        <Vertex> 19 {
          -0.188543 0.292263 1.055244
          <UV> UVMap {
            0.991198 0.210496 
          }
          <Normal> { -0.794885 0.546770 -0.263009 }
          <RGBA> { 1 1 1 1 }
          <RGBA> { 1 1 1 1 }
        }
        <Vertex> 20 {
          -0.188543 0.292263 1.055244
          <UV> UVMap {
            0.991198 0.210496 
          }
          <Normal> { -0.794885 0.546770 -0.263009 }
          <RGBA> { 1 1 1 1 }
          <RGBA> { 1 1 1 1 }
        }
        <Vertex> 21 {
          -0.211996 0.129010 1.040912
          <UV> UVMap {
            0.998906 0.211001 
          }
          <Normal> { -0.854488 0.370708 -0.363811 }
          <RGBA> { 1 1 1 1 }
          <RGBA> { 1 1 1 1 }
        }
        <Vertex> 22 {
          0.008936 0.290600 1.523689
          <UV> UVMap {
            0.938292 0.286206 
          }
          <Normal> { -0.005982 0.888180 0.459426 }
          <RGBA> { 1 1 1 1 }
          <RGBA> { 1 1 1 1 }
        }
        <Vertex> 23 {
          0.008936 0.290600 1.523689
          <UV> UVMap {
            0.938292 0.286206 
          }
          <Normal> { -0.005982 0.888180 0.459426 }
          <RGBA> { 1 1 1 1 }
          <RGBA> { 1 1 1 1 }
        }
        <Vertex> 24 {
          -0.211996 0.129010 1.040912
          <UV> UVMap {
            0.998906 0.211001 
          }
          <RGBA> { 1 1 1 1 }
          <RGBA> { 1 1 1 1 }
        }
        <Vertex> 25 {
          -0.167502 0.117316 1.589635
          <UV> UVMap {
            0.987101 0.304409 
          }
          <RGBA> { 1 1 1 1 }
          <RGBA> { 1 1 1 1 }
        }
        <Vertex> 26 {
          0.185046 0.120437 1.587977
          <UV> UVMap {
            0.894291 0.303306 
          }
          <RGBA> { 1 1 1 1 }
          <RGBA> { 1 1 1 1 }
        }
        <Vertex> 27 {
          0.008936 0.290600 1.523689
          <UV> UVMap {
            0.938292 0.286206 
          }
          <Normal> { -0.005982 0.888180 0.459426 }
          <RGBA> { 1 1 1 1 }
          <RGBA> { 1 1 1 1 }
        }
        <Vertex> 28 {
          -0.167502 0.117316 1.589635
          <UV> UVMap {
            0.987101 0.304409 
          }
          <RGBA> { 1 1 1 1 }
          <RGBA> { 1 1 1 1 }
        }
        <Vertex> 29 {
          0.005758 0.117936 1.633729
          <UV> UVMap {
            0.941491 0.311499 
          }
          <RGBA> { 1 1 1 1 }
          <RGBA> { 1 1 1 1 }
        }}
      
      
      <Polygon> {
        <TRef> { texobj2.png }
        <MRef> { texobj2 }
        <Normal> {0.678466 0.730734 0.075578}
        <VertexRef> { 0 1 2 <Ref> { backpack }} 
      }
      <Polygon> {
        <TRef> { texobj2.png }
        <MRef> { texobj2 }
        <Normal> {0.898536 0.216038 0.382047}
        <VertexRef> { 3 4 5 <Ref> { backpack }} 
      }
      <Polygon> {
        <TRef> { texobj2.png }
        <MRef> { texobj2 }
        <Normal> {0.355981 0.920925 0.158664}
        <VertexRef> { 6 7 8 <Ref> { backpack }} 
      }
      <Polygon> {
        <TRef> { texobj2.png }
        <MRef> { texobj2 }
        <Normal> {0.438129 0.309635 -0.843901}
        <VertexRef> { 9 10 11 12 <Ref> { backpack }} 
      }
      <Polygon> {
        <TRef> { texobj2.png }
        <MRef> { texobj2 }
        <Normal> {-0.397700 0.267855 -0.877547}
        <VertexRef> { 13 14 15 16 <Ref> { backpack }} 
      }
      <Polygon> {
        <TRef> { texobj2.png }
        <MRef> { texobj2 }
        <Normal> {-0.366315 0.917033 0.157681}
        <VertexRef> { 17 18 19 <Ref> { backpack }} 
      }
      <Polygon> {
        <TRef> { texobj2.png }
        <MRef> { texobj2 }
        <Normal> {-0.916929 0.097761 0.386891}
        <VertexRef> { 20 21 22 <Ref> { backpack }} 
      }
      <Polygon> {
        <TRef> { texobj2.png }
        <MRef> { texobj2 }
        <Normal> {-0.685294 0.724796 0.071014}
        <VertexRef> { 23 24 25 <Ref> { backpack }} 
      }
      <Polygon> {
        <TRef> { texobj2.png }
        <MRef> { texobj2 }
        <Normal> {-0.000790 0.537454 0.843293}
        <VertexRef> { 26 27 28 29 <Ref> { backpack }} 
      }
    }
  }
